85254663791
85252702224
85269075257
85262001406
85296759308
85262331527
85252018036
85265334385
85255775940
85253187110
85292077017
85290986886
85252255443
85253966275
85296895541
85255370056
85265501505
85292434686
85264009396
85295168447
85295085549
85297805689
85262335999
85269301960
85295805283
85267418307
85257761297
85293477141
85295719646
85294465486
85296329367
85292486363
85260704481
85254958305
85259694228
85268710986
85295709610
85291490792
85251070842
85295835568
85251392052
85266298212
85267479542
85293298450
85259947402
85256089527
85252885790
85264034733
85257792425
85298396742
85256259264
