85263874674
85298396742
85252885790
85293841352
85295719646
85267479542
85262331527
85268563214
85262335999
85254663791
85295055992
85251276672
85295709610
85291819351
85252298745
85252702224
85267418307
85295805283
85265501505
85252018036
85265319199
85295168447
85257761297
85296329367
85254958305
85262659152
85297922593
85264009396
85259694228
85251070842
85292273633
85262001406
85265334385
85295085549
85296759308
85293477141
85259947402
85293298450
85257792425
85253412043
85256089527
85266298212
85292434686
85292486363
85251392052
85269075257
85268710986
85267733082
85291490792
85296895541
85292077017
85264854399
85259377160
85260432327
85260704481
85294465486
85295835568
85297805689
85290986886
85260686092
85256259264
85252255443
85291916422
85269301960
85264034733
85253966275
85255775940
85255370056
85253187110
